time	STAY	DRIVE	STOP
00:00	38.0	0.0	0.0
00:05	38.0	0.0	0.0
00:10	37.07	0.93	0.0
00:15	37.0	0.6833333333333333	0.31666666666666665
00:20	37.0	0.9166666666666666	0.08333333333333333
00:25	37.0	0.8	0.2
00:30	34.25	3.15	0.6
00:35	34.0	3.6	0.4
00:40	34.36	3.24	0.4
00:45	35.0	2.8	0.2
00:50	35.413333333333334	2.1566666666666667	0.43
00:55	36.83	1.0	0.17
01:00	36.32333333333333	1.2766666666666666	0.4
01:05	36.21666666666667	1.3833333333333333	0.4
01:10	36.14666666666667	1.8533333333333333	0.0
01:15	36.0	1.6	0.4
01:20	36.33	1.27	0.4
01:25	37.0	0.9166666666666666	0.08333333333333333
01:30	37.0	0.8833333333333333	0.11666666666666667
01:35	37.0	1.0	0.0
01:40	37.0	0.8	0.2
01:45	37.0	1.0	0.0
01:50	37.0	0.8	0.2
01:55	37.053333333333335	0.7466666666666667	0.2
02:00	37.21666666666667	0.7833333333333333	0.0
02:05	37.0	0.8	0.2
02:10	37.0	1.0	0.0
02:15	37.0	1.0	0.0
02:20	37.62	0.18	0.2
02:25	38.0	0.0	0.0
02:30	38.0	0.0	0.0
02:35	38.0	0.0	0.0
02:40	37.79666666666667	0.20333333333333334	0.0
02:45	37.0	0.9433333333333334	0.056666666666666664
02:50	37.0	0.8566666666666667	0.14333333333333334
02:55	37.0	1.0	0.0
03:00	36.06	1.55	0.39
03:05	36.99	1.0	0.01
03:10	37.0	1.0	0.0
03:15	37.79333333333334	0.006666666666666667	0.2
03:20	38.0	0.0	0.0
03:25	38.0	0.0	0.0
03:30	37.07666666666667	0.8366666666666667	0.08666666666666667
03:35	37.0	0.8866666666666667	0.11333333333333333
03:40	37.0	1.0	0.0
03:45	37.016666666666666	0.7833333333333333	0.2
03:50	38.0	0.0	0.0
03:55	37.016666666666666	0.9833333333333333	0.0
04:00	37.0	0.8	0.2
04:05	37.0	1.0	0.0
04:10	37.0	1.0	0.0
04:15	37.0	1.0	0.0
04:20	37.0	1.0	0.0
04:25	37.0	1.0	0.0
04:30	36.49	1.11	0.4
04:35	36.32666666666667	1.6733333333333333	0.0
04:40	36.0	2.0	0.0
04:45	36.513333333333335	1.0866666666666667	0.4
04:50	36.05	1.95	0.0
04:55	36.0	1.8	0.2
05:00	36.62	1.18	0.2
05:05	37.026666666666664	0.7733333333333333	0.2
05:10	38.0	0.0	0.0
05:15	38.0	0.0	0.0
05:20	37.083333333333336	0.5166666666666667	0.4
05:25	38.0	0.0	0.0
05:30	38.0	0.0	0.0
05:35	38.0	0.0	0.0
05:40	38.0	0.0	0.0
05:45	38.0	0.0	0.0
05:50	38.0	0.0	0.0
05:55	38.0	0.0	0.0
06:00	38.0	0.0	0.0
06:05	38.0	0.0	0.0
06:10	38.0	0.0	0.0
06:15	37.04	0.96	0.0
06:20	37.0	0.8	0.2
06:25	37.0	1.0	0.0
06:30	37.0	1.0	0.0
06:35	37.583333333333336	0.21666666666666667	0.2
06:40	37.17	0.8166666666666667	0.013333333333333334
06:45	37.0	0.6166666666666667	0.38333333333333336
06:50	37.99666666666667	0.0	0.0033333333333333335
06:55	38.0	0.0	0.0
07:00	36.14333333333333	1.4566666666666668	0.4
07:05	36.0	2.0	0.0
07:10	36.0	1.8	0.2
07:15	36.0	2.0	0.0
07:20	36.0	2.0	0.0
07:25	36.0	1.8	0.2
07:30	34.68333333333333	2.85	0.4666666666666667
07:35	35.0	2.6666666666666665	0.3333333333333333
07:40	35.61	1.99	0.4
07:45	36.12	1.48	0.4
07:50	36.22	1.58	0.2
07:55	35.083333333333336	2.5166666666666666	0.4
08:00	33.126666666666665	4.873333333333333	0.0
08:05	34.34	2.66	1.0
08:10	34.50333333333333	3.0966666666666667	0.4
08:15	35.7	1.7	0.6
08:20	35.2	2.4	0.4
08:25	35.0	2.736666666666667	0.2633333333333333
08:30	34.24666666666667	3.07	0.6833333333333333
08:35	34.16	3.5866666666666664	0.25333333333333335
08:40	32.556666666666665	4.446666666666666	0.9966666666666667
08:45	33.68	3.316666666666667	1.0033333333333334
08:50	34.07	3.33	0.6
08:55	34.79333333333334	2.8066666666666666	0.4
09:00	35.46	2.34	0.2
09:05	36.0	1.8	0.2
09:10	36.943333333333335	0.6566666666666666	0.4
09:15	36.153333333333336	1.4466666666666668	0.4
09:20	35.153333333333336	2.236666666666667	0.61
09:25	36.03666666666667	1.3733333333333333	0.59
09:30	35.19	2.5566666666666666	0.25333333333333335
09:35	35.24333333333333	2.21	0.5466666666666666
09:40	34.25	3.473333333333333	0.27666666666666667
09:45	35.24	2.236666666666667	0.5233333333333333
09:50	35.51	2.09	0.4
09:55	36.29	1.51	0.2
10:00	36.59	1.21	0.2
10:05	36.79666666666667	0.8033333333333333	0.4
10:10	37.0	0.8	0.2
10:15	37.0	1.0	0.0
10:20	37.6	0.2	0.2
10:25	38.0	0.0	0.0
10:30	36.526666666666664	1.1033333333333333	0.37
10:35	36.20666666666666	1.5633333333333332	0.23
10:40	36.24333333333333	1.3566666666666667	0.4
10:45	37.193333333333335	0.6066666666666667	0.2
10:50	37.07	0.93	0.0
10:55	37.0	0.8	0.2
11:00	35.44	2.16	0.4
11:05	36.0	1.8	0.2
11:10	36.306666666666665	1.2933333333333332	0.4
11:15	37.0	0.8	0.2
11:20	37.0	0.97	0.03
11:25	37.83	0.0	0.17
11:30	36.19	1.41	0.4
11:35	36.0	1.9166666666666667	0.08333333333333333
11:40	36.0	1.8833333333333333	0.11666666666666667
11:45	35.94	1.7766666666666666	0.2833333333333333
11:50	35.07	2.4133333333333336	0.5166666666666667
11:55	35.843333333333334	1.7566666666666666	0.4
12:00	34.75666666666667	2.723333333333333	0.52
12:05	35.0	2.69	0.31
12:10	37.14333333333333	0.2866666666666667	0.57
12:15	38.0	0.0	0.0
12:20	37.1	0.7	0.2
12:25	37.61666666666667	0.18333333333333332	0.2
12:30	36.083333333333336	1.5166666666666666	0.4
12:35	37.04	0.56	0.4
12:40	38.0	0.0	0.0
12:45	37.123333333333335	0.6766666666666666	0.2
12:50	37.04666666666667	0.7533333333333333	0.2
12:55	38.0	0.0	0.0
13:00	35.223333333333336	2.3366666666666664	0.44
13:05	35.96666666666667	1.2733333333333334	0.76
13:10	36.06	1.54	0.4
13:15	36.52333333333333	1.2466666666666666	0.23
13:20	37.83	0.0	0.17
13:25	38.0	0.0	0.0
13:30	36.166666666666664	1.4333333333333333	0.4
13:35	36.126666666666665	1.6733333333333333	0.2
13:40	36.236666666666665	1.3633333333333333	0.4
13:45	37.0	1.0	0.0
13:50	34.4	2.8566666666666665	0.7433333333333333
13:55	34.276666666666664	3.2666666666666666	0.45666666666666667
14:00	33.736666666666665	3.75	0.5133333333333333
14:05	34.623333333333335	2.6433333333333335	0.7333333333333333
14:10	36.846666666666664	1.0	0.15333333333333332
14:15	37.0	0.8	0.2
14:20	37.50666666666667	0.29333333333333333	0.2
14:25	38.0	0.0	0.0
14:30	37.10666666666667	0.6933333333333334	0.2
14:35	37.626666666666665	0.17333333333333334	0.2
14:40	38.0	0.0	0.0
14:45	37.11333333333334	0.6866666666666666	0.2
14:50	37.68666666666667	0.11333333333333333	0.2
14:55	38.0	0.0	0.0
15:00	33.596666666666664	3.4033333333333333	1.0
15:05	35.25333333333333	2.1466666666666665	0.6
15:10	36.6	1.0633333333333332	0.33666666666666667
15:15	36.343333333333334	1.3	0.3566666666666667
15:20	35.586666666666666	1.5066666666666666	0.9066666666666666
15:25	36.54333333333334	1.0566666666666666	0.4
15:30	37.17	0.83	0.0
15:35	37.0	0.8	0.2
15:40	35.873333333333335	1.3833333333333333	0.7433333333333333
15:45	36.95	0.9933333333333333	0.056666666666666664
15:50	36.49333333333333	1.2666666666666666	0.24
15:55	37.35333333333333	0.2866666666666667	0.36
16:00	35.58	2.02	0.4
16:05	35.11666666666667	2.48	0.4033333333333333
16:10	36.803333333333335	1.0	0.19666666666666666
16:15	36.376666666666665	1.2666666666666666	0.3566666666666667
16:20	37.223333333333336	0.5333333333333333	0.24333333333333335
16:25	38.0	0.0	0.0
16:30	35.303333333333335	2.4966666666666666	0.2
16:35	35.07	2.33	0.6
16:40	35.086666666666666	2.513333333333333	0.4
16:45	35.20333333333333	2.5966666666666667	0.2
16:50	36.15	1.45	0.4
16:55	37.0	0.6	0.4
17:00	32.373333333333335	4.826666666666667	0.8
17:05	32.0	5.4	0.6
17:10	32.14666666666667	4.816666666666666	1.0366666666666666
17:15	34.79333333333334	2.243333333333333	0.9633333333333334
17:20	34.89666666666667	3.06	0.043333333333333335
17:25	34.67	2.5733333333333333	0.7566666666666667
17:30	34.11	3.0766666666666667	0.8133333333333334
17:35	36.086666666666666	1.2766666666666666	0.6366666666666667
17:40	37.85	0.0	0.15
17:45	37.093333333333334	0.7066666666666667	0.2
17:50	37.24333333333333	0.5566666666666666	0.2
17:55	38.0	0.0	0.0
18:00	34.52	2.97	0.51
18:05	34.0	3.52	0.48
18:10	34.64666666666667	2.5766666666666667	0.7766666666666666
18:15	35.31666666666667	2.283333333333333	0.4
18:20	36.02333333333333	1.7433333333333334	0.23333333333333334
18:25	36.35	1.3966666666666667	0.25333333333333335
18:30	36.126666666666665	1.5266666666666666	0.3466666666666667
18:35	36.43	1.17	0.4
18:40	37.0	1.0	0.0
18:45	37.0	1.0	0.0
18:50	35.21666666666667	2.36	0.42333333333333334
18:55	36.22	1.4033333333333333	0.37666666666666665
19:00	35.3	2.4166666666666665	0.2833333333333333
19:05	35.0	2.683333333333333	0.31666666666666665
19:10	34.21333333333333	3.3866666666666667	0.4
19:15	35.31666666666667	2.283333333333333	0.4
19:20	35.17	2.43	0.4
19:25	36.0	2.0	0.0
19:30	34.99333333333333	2.223333333333333	0.7833333333333333
19:35	36.71666666666667	1.0666666666666667	0.21666666666666667
19:40	35.67666666666667	2.3233333333333333	0.0
19:45	33.42666666666667	3.5733333333333333	1.0
19:50	34.0	3.6	0.4
19:55	34.663333333333334	3.1366666666666667	0.2
20:00	35.41	2.2133333333333334	0.37666666666666665
20:05	36.03333333333333	1.3433333333333333	0.6233333333333333
20:10	34.17	3.2466666666666666	0.5833333333333334
20:15	33.42333333333333	3.3966666666666665	1.18
20:20	35.49666666666667	2.066666666666667	0.43666666666666665
20:25	36.72	0.68	0.6
20:30	36.33	1.4866666666666666	0.18333333333333332
20:35	36.29333333333334	1.29	0.4166666666666667
20:40	37.0	0.6	0.4
20:45	37.0	1.0	0.0
20:50	36.333333333333336	1.2666666666666666	0.4
20:55	37.26	0.54	0.2
21:00	35.9	1.6566666666666667	0.44333333333333336
21:05	35.21333333333333	2.43	0.3566666666666667
21:10	35.93666666666667	1.4766666666666666	0.5866666666666667
21:15	36.02333333333333	1.9633333333333334	0.013333333333333334
21:20	36.26	1.34	0.4
21:25	36.13333333333333	1.6666666666666667	0.2
21:30	34.403333333333336	3.3466666666666667	0.25
21:35	34.7	2.75	0.55
21:40	34.86	2.4133333333333336	0.7266666666666667
21:45	36.0	1.9133333333333333	0.08666666666666667
21:50	37.336666666666666	0.27666666666666667	0.38666666666666666
21:55	38.0	0.0	0.0
22:00	37.20666666666666	0.6966666666666667	0.09666666666666666
22:05	37.0	0.8633333333333333	0.13666666666666666
22:10	36.92333333333333	0.91	0.16666666666666666
22:15	37.0	0.69	0.31
22:20	37.91	0.0	0.09
22:25	38.0	0.0	0.0
22:30	38.0	0.0	0.0
22:35	38.0	0.0	0.0
22:40	38.0	0.0	0.0
22:45	38.0	0.0	0.0
22:50	38.0	0.0	0.0
22:55	38.0	0.0	0.0
23:00	37.1	0.9	0.0
23:05	37.0	0.8	0.2
23:10	37.75	0.05	0.2
23:15	37.49333333333333	0.5066666666666667	0.0
23:20	37.0	1.0	0.0
23:25	37.0	0.8	0.2
23:30	36.06333333333333	1.7366666666666666	0.2
23:35	36.0	2.0	0.0
23:40	35.09	2.51	0.4
23:45	34.46333333333333	3.1933333333333334	0.3433333333333333
23:50	33.303333333333335	4.24	0.45666666666666667
23:55	31.966666666666665	6.033333333333333	0.0
24:00	31.72	5.323333333333333	0.9566666666666667
24:05	32.95666666666666	4.6	0.44333333333333336
24:10	33.0	5.0	0.0
24:15	34.056666666666665	3.1733333333333333	0.77
24:20	35.95333333333333	1.8166666666666667	0.23
24:25	36.0	2.0	0.0
24:30	36.236666666666665	1.5566666666666666	0.20666666666666667
24:35	37.806666666666665	0.0	0.19333333333333333
24:40	37.79333333333334	0.006666666666666667	0.2
24:45	37.0	1.0	0.0
24:50	37.0	1.0	0.0
24:55	37.0	1.0	0.0
25:00	37.0	1.0	0.0
25:05	37.0	0.9133333333333333	0.08666666666666667
25:10	37.88666666666666	0.0	0.11333333333333333
25:15	38.0	0.0	0.0
25:20	38.0	0.0	0.0
25:25	38.0	0.0	0.0
25:30	38.0	0.0	0.0
25:35	38.0	0.0	0.0
25:40	38.0	0.0	0.0
25:45	38.0	0.0	0.0
25:50	38.0	0.0	0.0
25:55	38.0	0.0	0.0
26:00	38.0	0.0	0.0
26:05	38.0	0.0	0.0
26:10	38.0	0.0	0.0
26:15	38.0	0.0	0.0
26:20	38.0	0.0	0.0
26:25	38.0	0.0	0.0
26:30	38.0	0.0	0.0
26:35	38.0	0.0	0.0
26:40	38.0	0.0	0.0
26:45	38.0	0.0	0.0
26:50	38.0	0.0	0.0
26:55	38.0	0.0	0.0
27:00	38.0	0.0	0.0
27:05	38.0	0.0	0.0
27:10	38.0	0.0	0.0
27:15	38.0	0.0	0.0
27:20	38.0	0.0	0.0
27:25	38.0	0.0	0.0
27:30	38.0	0.0	0.0
27:35	38.0	0.0	0.0
27:40	38.0	0.0	0.0
27:45	38.0	0.0	0.0
27:50	38.0	0.0	0.0
27:55	38.0	0.0	0.0
28:00	38.0	0.0	0.0
28:05	38.0	0.0	0.0
28:10	38.0	0.0	0.0
28:15	38.0	0.0	0.0
28:20	38.0	0.0	0.0
28:25	38.0	0.0	0.0
28:30	38.0	0.0	0.0
28:35	38.0	0.0	0.0
28:40	38.0	0.0	0.0
28:45	38.0	0.0	0.0
28:50	38.0	0.0	0.0
28:55	38.0	0.0	0.0
29:00	38.0	0.0	0.0
29:05	38.0	0.0	0.0
29:10	38.0	0.0	0.0
29:15	38.0	0.0	0.0
29:20	38.0	0.0	0.0
29:25	38.0	0.0	0.0
29:30	38.0	0.0	0.0
29:35	38.0	0.0	0.0
29:40	38.0	0.0	0.0
29:45	38.0	0.0	0.0
29:50	38.0	0.0	0.0
29:55	38.0	0.0	0.0
30:00	38.0	0.0	0.0
30:05	38.0	0.0	0.0
30:10	38.0	0.0	0.0
30:15	38.0	0.0	0.0
30:20	38.0	0.0	0.0
30:25	38.0	0.0	0.0
30:30	38.0	0.0	0.0
30:35	38.0	0.0	0.0
30:40	38.0	0.0	0.0
30:45	38.0	0.0	0.0
30:50	38.0	0.0	0.0
30:55	38.0	0.0	0.0
31:00	38.0	0.0	0.0
31:05	38.0	0.0	0.0
31:10	38.0	0.0	0.0
31:15	38.0	0.0	0.0
31:20	38.0	0.0	0.0
31:25	38.0	0.0	0.0
31:30	38.0	0.0	0.0
31:35	38.0	0.0	0.0
31:40	38.0	0.0	0.0
31:45	38.0	0.0	0.0
31:50	38.0	0.0	0.0
31:55	38.0	0.0	0.0
32:00	0.0	0.0	0.0
