time	STAY	DRIVE	STOP
00:00	114.0	0.0	0.0
00:05	114.0	0.0	0.0
00:10	114.0	0.0	0.0
00:15	113.1	0.8066666666666666	0.09333333333333334
00:20	112.09333333333333	1.6	0.30666666666666664
00:25	112.0	1.9066666666666667	0.09333333333333334
00:30	111.98333333333333	1.71	0.30666666666666664
00:35	112.0	1.9333333333333333	0.06666666666666667
00:40	112.07333333333334	1.7366666666666666	0.19
00:45	112.72666666666667	0.93	0.3433333333333333
00:50	113.0	0.8	0.2
00:55	113.0	1.0	0.0
01:00	112.09	1.51	0.4
01:05	112.48666666666666	1.3133333333333332	0.2
01:10	113.0	1.0	0.0
01:15	112.39666666666666	1.6033333333333333	0.0
01:20	112.00333333333333	1.5966666666666667	0.4
01:25	113.0	0.95	0.05
01:30	113.0	0.85	0.15
01:35	113.0	1.0	0.0
01:40	113.0	0.8	0.2
01:45	113.0	1.0	0.0
01:50	113.30666666666667	0.49333333333333335	0.2
01:55	114.0	0.0	0.0
02:00	113.21666666666667	0.7833333333333333	0.0
02:05	113.0	0.8	0.2
02:10	113.0	1.0	0.0
02:15	113.0	1.0	0.0
02:20	113.67	0.13	0.2
02:25	114.0	0.0	0.0
02:30	114.0	0.0	0.0
02:35	114.0	0.0	0.0
02:40	113.79666666666667	0.20333333333333334	0.0
02:45	113.0	0.9233333333333333	0.07666666666666666
02:50	113.0	0.8766666666666667	0.12333333333333334
02:55	113.0	1.0	0.0
03:00	113.01	0.79	0.2
03:05	114.0	0.0	0.0
03:10	114.0	0.0	0.0
03:15	114.0	0.0	0.0
03:20	114.0	0.0	0.0
03:25	114.0	0.0	0.0
03:30	114.0	0.0	0.0
03:35	114.0	0.0	0.0
03:40	114.0	0.0	0.0
03:45	114.0	0.0	0.0
03:50	114.0	0.0	0.0
03:55	114.0	0.0	0.0
04:00	114.0	0.0	0.0
04:05	114.0	0.0	0.0
04:10	114.0	0.0	0.0
04:15	114.0	0.0	0.0
04:20	114.0	0.0	0.0
04:25	114.0	0.0	0.0
04:30	114.0	0.0	0.0
04:35	114.0	0.0	0.0
04:40	114.0	0.0	0.0
04:45	114.0	0.0	0.0
04:50	114.0	0.0	0.0
04:55	114.0	0.0	0.0
05:00	114.0	0.0	0.0
05:05	114.0	0.0	0.0
05:10	114.0	0.0	0.0
05:15	114.0	0.0	0.0
05:20	114.0	0.0	0.0
05:25	114.0	0.0	0.0
05:30	114.0	0.0	0.0
05:35	114.0	0.0	0.0
05:40	114.0	0.0	0.0
05:45	114.0	0.0	0.0
05:50	114.0	0.0	0.0
05:55	114.0	0.0	0.0
06:00	114.0	0.0	0.0
06:05	114.0	0.0	0.0
06:10	114.0	0.0	0.0
06:15	114.0	0.0	0.0
06:20	114.0	0.0	0.0
06:25	114.0	0.0	0.0
06:30	114.0	0.0	0.0
06:35	114.0	0.0	0.0
06:40	113.19	0.41	0.4
06:45	114.0	0.0	0.0
06:50	114.0	0.0	0.0
06:55	114.0	0.0	0.0
07:00	114.0	0.0	0.0
07:05	114.0	0.0	0.0
07:10	114.0	0.0	0.0
07:15	114.0	0.0	0.0
07:20	114.0	0.0	0.0
07:25	114.0	0.0	0.0
07:30	113.19666666666667	0.6033333333333334	0.2
07:35	113.18333333333334	0.6166666666666667	0.2
07:40	114.0	0.0	0.0
07:45	114.0	0.0	0.0
07:50	113.10666666666667	0.6933333333333334	0.2
07:55	113.10333333333334	0.6966666666666667	0.2
08:00	114.0	0.0	0.0
08:05	114.0	0.0	0.0
08:10	114.0	0.0	0.0
08:15	114.0	0.0	0.0
08:20	114.0	0.0	0.0
08:25	113.73	0.27	0.0
08:30	112.08	1.52	0.4
08:35	112.0	2.0	0.0
08:40	111.75666666666666	1.7966666666666666	0.44666666666666666
08:45	112.84666666666666	1.0	0.15333333333333332
08:50	113.53	0.27	0.2
08:55	114.0	0.0	0.0
09:00	113.04333333333334	0.7566666666666667	0.2
09:05	113.0	1.0	0.0
09:10	112.14333333333333	1.4633333333333334	0.3933333333333333
09:15	111.79333333333334	1.6	0.6066666666666667
09:20	112.68666666666667	1.1133333333333333	0.2
09:25	113.0	1.0	0.0
09:30	112.49666666666667	1.3033333333333332	0.2
09:35	113.0	0.8	0.2
09:40	113.0	0.91	0.09
09:45	113.89	0.0	0.11
09:50	114.0	0.0	0.0
09:55	114.0	0.0	0.0
10:00	114.0	0.0	0.0
10:05	114.0	0.0	0.0
10:10	114.0	0.0	0.0
10:15	113.29666666666667	0.5033333333333333	0.2
10:20	113.0	1.0	0.0
10:25	113.0	1.0	0.0
10:30	111.20333333333333	2.5966666666666667	0.2
10:35	109.86	3.14	1.0
10:40	111.77	2.03	0.2
10:45	112.41666666666667	1.3833333333333333	0.2
10:50	113.0	1.0	0.0
10:55	113.29333333333334	0.5066666666666667	0.2
11:00	114.0	0.0	0.0
11:05	114.0	0.0	0.0
11:10	114.0	0.0	0.0
11:15	114.0	0.0	0.0
11:20	114.0	0.0	0.0
11:25	114.0	0.0	0.0
11:30	114.0	0.0	0.0
11:35	114.0	0.0	0.0
11:40	114.0	0.0	0.0
11:45	113.09	0.91	0.0
11:50	113.0	0.8	0.2
11:55	113.0	1.0	0.0
12:00	110.97333333333333	2.7533333333333334	0.2733333333333333
12:05	109.11	4.196666666666666	0.6933333333333334
12:10	109.64	3.526666666666667	0.8333333333333334
12:15	112.43	1.37	0.2
12:20	112.64333333333333	0.9566666666666667	0.4
12:25	113.0	1.0	0.0
12:30	111.11666666666666	2.466666666666667	0.4166666666666667
12:35	111.82666666666667	1.9033333333333333	0.27
12:40	112.03333333333333	1.6433333333333333	0.3233333333333333
12:45	112.81	0.8133333333333334	0.37666666666666665
12:50	113.98666666666666	0.0	0.013333333333333334
12:55	113.49	0.31	0.2
13:00	111.15333333333334	2.3466666666666667	0.5
13:05	112.60666666666667	0.8933333333333333	0.5
13:10	113.0	1.0	0.0
13:15	111.4	1.8933333333333333	0.7066666666666667
13:20	112.13	1.5766666666666667	0.29333333333333333
13:25	113.77333333333333	0.02666666666666667	0.2
13:30	110.68	2.52	0.8
13:35	110.0	4.0	0.0
13:40	110.01666666666667	3.61	0.37333333333333335
13:45	112.41666666666667	1.3566666666666667	0.22666666666666666
13:50	113.01333333333334	0.7866666666666666	0.2
13:55	113.05666666666667	0.7433333333333333	0.2
14:00	109.57666666666667	3.8233333333333333	0.6
14:05	109.52	3.88	0.6
14:10	112.35333333333334	1.2466666666666666	0.4
14:15	113.75666666666666	0.043333333333333335	0.2
14:20	113.09333333333333	0.7066666666666667	0.2
14:25	113.0	1.0	0.0
14:30	110.26666666666667	3.1333333333333333	0.6
14:35	111.76666666666667	1.6333333333333333	0.6
14:40	112.24333333333334	1.5566666666666666	0.2
14:45	112.54333333333334	1.2566666666666666	0.2
14:50	113.18	0.62	0.2
14:55	114.0	0.0	0.0
15:00	113.12	0.7466666666666667	0.13333333333333333
15:05	112.88666666666667	0.8466666666666667	0.26666666666666666
15:10	110.20333333333333	3.3966666666666665	0.4
15:15	109.74333333333334	3.4066666666666667	0.85
15:20	110.85	3.0	0.15
15:25	111.0	2.9033333333333333	0.09666666666666666
15:30	109.49333333333334	3.7266666666666666	0.78
15:35	110.76333333333334	2.7133333333333334	0.5233333333333333
15:40	112.0	2.0	0.0
15:45	113.07666666666667	0.5233333333333333	0.4
15:50	113.20333333333333	0.5966666666666667	0.2
15:55	113.0	1.0	0.0
16:00	112.09333333333333	1.54	0.36666666666666664
16:05	112.96666666666667	1.0	0.03333333333333333
16:10	112.14	1.66	0.2
16:15	112.0	1.6	0.4
16:20	111.90666666666667	1.6933333333333334	0.4
16:25	112.0	2.0	0.0
16:30	108.53666666666666	4.463333333333333	1.0
16:35	109.0	4.2	0.8
16:40	108.13666666666667	5.663333333333333	0.2
16:45	108.36	5.0	0.64
16:50	109.73666666666666	3.62	0.6433333333333333
16:55	110.0	3.4833333333333334	0.5166666666666667
17:00	107.66333333333333	5.31	1.0266666666666666
17:05	109.82666666666667	3.6	0.5733333333333334
17:10	108.71666666666667	4.406666666666666	0.8766666666666667
17:15	109.0	4.71	0.29
17:20	108.88333333333334	4.156666666666666	0.96
17:25	109.07333333333334	4.653333333333333	0.2733333333333333
17:30	106.92	6.073333333333333	1.0066666666666666
17:35	107.91333333333333	4.926666666666667	1.16
17:40	105.99666666666667	6.97	1.0333333333333334
17:45	105.14666666666666	7.8566666666666665	0.9966666666666667
17:50	105.49333333333334	7.503333333333333	1.0033333333333334
17:55	106.79	6.793333333333333	0.4166666666666667
18:00	102.7	9.53	1.77
18:05	104.0	8.96	1.04
18:10	103.77333333333333	8.546666666666667	1.68
18:15	103.71	8.906666666666666	1.3833333333333333
18:20	104.13666666666667	8.766666666666667	1.0966666666666667
18:25	104.23	8.35	1.42
18:30	106.02333333333333	6.583333333333333	1.3933333333333333
18:35	106.0	7.216666666666667	0.7833333333333333
18:40	105.07666666666667	7.613333333333333	1.31
18:45	105.19	7.9	0.91
18:50	106.08	6.523333333333333	1.3966666666666667
18:55	107.76	5.04	1.2
19:00	103.09	10.34	0.57
19:05	103.0	9.17	1.83
19:10	103.0	10.196666666666667	0.8033333333333333
19:15	103.77666666666667	8.706666666666667	1.5166666666666666
19:20	104.99333333333334	8.063333333333333	0.9433333333333334
19:25	106.96	6.21	0.83
19:30	104.88	8.213333333333333	0.9066666666666666
19:35	106.0	6.68	1.32
19:40	105.10333333333334	8.313333333333333	0.5833333333333334
19:45	105.17333333333333	7.996666666666667	0.83
19:50	107.19333333333333	5.74	1.0666666666666667
19:55	109.77333333333333	3.8266666666666667	0.4
20:00	106.44	6.843333333333334	0.7166666666666667
20:05	106.0	7.276666666666666	0.7233333333333334
20:10	106.0	7.3	0.7
20:15	106.42666666666666	6.183333333333334	1.39
20:20	107.31	5.933333333333334	0.7566666666666667
20:25	109.64666666666666	3.1633333333333336	1.19
20:30	109.25	4.426666666666667	0.3233333333333333
20:35	109.0	4.2	0.8
20:40	109.0	4.583333333333333	0.4166666666666667
20:45	109.02333333333333	4.68	0.2966666666666667
20:50	109.0	4.316666666666666	0.6833333333333333
20:55	109.12333333333333	4.073333333333333	0.8033333333333333
21:00	108.08333333333333	5.5633333333333335	0.35333333333333333
21:05	108.49	4.263333333333334	1.2466666666666666
21:10	109.33333333333333	4.066666666666666	0.6
21:15	108.29333333333334	5.526666666666666	0.18
21:20	107.43666666666667	5.803333333333334	0.76
21:25	108.0	5.113333333333333	0.8866666666666667
21:30	107.06	6.566666666666666	0.37333333333333335
21:35	108.0	5.536666666666667	0.4633333333333333
21:40	108.0	5.463333333333333	0.5366666666666666
21:45	108.58	4.82	0.6
21:50	110.0	3.6	0.4
21:55	111.08	2.32	0.6
22:00	110.5	3.3	0.2
22:05	111.0	2.4466666666666668	0.5533333333333333
22:10	111.0	2.953333333333333	0.04666666666666667
22:15	111.0	3.0	0.0
22:20	111.58	2.02	0.4
22:25	112.0	2.0	0.0
22:30	108.65666666666667	5.093333333333334	0.25
22:35	109.85	3.033333333333333	1.1166666666666667
22:40	110.96666666666667	2.6	0.43333333333333335
22:45	111.0	2.6333333333333333	0.36666666666666664
22:50	110.19333333333333	3.5733333333333333	0.23333333333333334
22:55	110.53666666666666	2.6633333333333336	0.8
23:00	111.0	2.8	0.2
23:05	111.0	2.8	0.2
23:10	111.43666666666667	2.1633333333333336	0.4
23:15	112.0	2.0	0.0
23:20	112.0	2.0	0.0
23:25	112.56666666666666	1.0333333333333334	0.4
23:30	114.0	0.0	0.0
23:35	114.0	0.0	0.0
23:40	113.3	0.7	0.0
23:45	113.0	0.8666666666666667	0.13333333333333333
23:50	112.06666666666666	1.7466666666666666	0.18666666666666668
23:55	112.0	1.72	0.28
24:00	112.0	2.0	0.0
24:05	112.0	2.0	0.0
24:10	112.74	1.06	0.2
24:15	113.0	0.8	0.2
24:20	113.0	1.0	0.0
24:25	113.70333333333333	0.09666666666666666	0.2
24:30	114.0	0.0	0.0
24:35	114.0	0.0	0.0
24:40	114.0	0.0	0.0
24:45	114.0	0.0	0.0
24:50	114.0	0.0	0.0
24:55	114.0	0.0	0.0
25:00	114.0	0.0	0.0
25:05	114.0	0.0	0.0
25:10	114.0	0.0	0.0
25:15	114.0	0.0	0.0
25:20	114.0	0.0	0.0
25:25	114.0	0.0	0.0
25:30	114.0	0.0	0.0
25:35	114.0	0.0	0.0
25:40	114.0	0.0	0.0
25:45	114.0	0.0	0.0
25:50	114.0	0.0	0.0
25:55	114.0	0.0	0.0
26:00	114.0	0.0	0.0
26:05	114.0	0.0	0.0
26:10	114.0	0.0	0.0
26:15	114.0	0.0	0.0
26:20	114.0	0.0	0.0
26:25	114.0	0.0	0.0
26:30	114.0	0.0	0.0
26:35	114.0	0.0	0.0
26:40	114.0	0.0	0.0
26:45	114.0	0.0	0.0
26:50	114.0	0.0	0.0
26:55	114.0	0.0	0.0
27:00	114.0	0.0	0.0
27:05	114.0	0.0	0.0
27:10	114.0	0.0	0.0
27:15	114.0	0.0	0.0
27:20	114.0	0.0	0.0
27:25	114.0	0.0	0.0
27:30	114.0	0.0	0.0
27:35	114.0	0.0	0.0
27:40	114.0	0.0	0.0
27:45	114.0	0.0	0.0
27:50	114.0	0.0	0.0
27:55	114.0	0.0	0.0
28:00	114.0	0.0	0.0
28:05	114.0	0.0	0.0
28:10	114.0	0.0	0.0
28:15	114.0	0.0	0.0
28:20	114.0	0.0	0.0
28:25	114.0	0.0	0.0
28:30	114.0	0.0	0.0
28:35	114.0	0.0	0.0
28:40	114.0	0.0	0.0
28:45	114.0	0.0	0.0
28:50	114.0	0.0	0.0
28:55	114.0	0.0	0.0
29:00	114.0	0.0	0.0
29:05	114.0	0.0	0.0
29:10	114.0	0.0	0.0
29:15	114.0	0.0	0.0
29:20	114.0	0.0	0.0
29:25	114.0	0.0	0.0
29:30	114.0	0.0	0.0
29:35	114.0	0.0	0.0
29:40	114.0	0.0	0.0
29:45	114.0	0.0	0.0
29:50	114.0	0.0	0.0
29:55	114.0	0.0	0.0
30:00	114.0	0.0	0.0
30:05	114.0	0.0	0.0
30:10	114.0	0.0	0.0
30:15	114.0	0.0	0.0
30:20	114.0	0.0	0.0
30:25	114.0	0.0	0.0
30:30	114.0	0.0	0.0
30:35	114.0	0.0	0.0
30:40	114.0	0.0	0.0
30:45	114.0	0.0	0.0
30:50	114.0	0.0	0.0
30:55	114.0	0.0	0.0
31:00	114.0	0.0	0.0
31:05	114.0	0.0	0.0
31:10	114.0	0.0	0.0
31:15	114.0	0.0	0.0
31:20	114.0	0.0	0.0
31:25	114.0	0.0	0.0
31:30	114.0	0.0	0.0
31:35	114.0	0.0	0.0
31:40	114.0	0.0	0.0
31:45	114.0	0.0	0.0
31:50	114.0	0.0	0.0
31:55	114.0	0.0	0.0
32:00	0.0	0.0	0.0
