time	STAY	DRIVE	STOP
00:00	17.0	0.0	0.0
00:05	17.0	0.0	0.0
00:10	17.0	0.0	0.0
00:15	17.0	0.0	0.0
00:20	17.0	0.0	0.0
00:25	17.0	0.0	0.0
00:30	17.0	0.0	0.0
00:35	17.0	0.0	0.0
00:40	17.0	0.0	0.0
00:45	17.0	0.0	0.0
00:50	17.0	0.0	0.0
00:55	17.0	0.0	0.0
01:00	17.0	0.0	0.0
01:05	17.0	0.0	0.0
01:10	17.0	0.0	0.0
01:15	17.0	0.0	0.0
01:20	17.0	0.0	0.0
01:25	17.0	0.0	0.0
01:30	17.0	0.0	0.0
01:35	17.0	0.0	0.0
01:40	17.0	0.0	0.0
01:45	17.0	0.0	0.0
01:50	17.0	0.0	0.0
01:55	17.0	0.0	0.0
02:00	17.0	0.0	0.0
02:05	17.0	0.0	0.0
02:10	17.0	0.0	0.0
02:15	17.0	0.0	0.0
02:20	17.0	0.0	0.0
02:25	17.0	0.0	0.0
02:30	17.0	0.0	0.0
02:35	17.0	0.0	0.0
02:40	17.0	0.0	0.0
02:45	17.0	0.0	0.0
02:50	17.0	0.0	0.0
02:55	17.0	0.0	0.0
03:00	17.0	0.0	0.0
03:05	17.0	0.0	0.0
03:10	17.0	0.0	0.0
03:15	17.0	0.0	0.0
03:20	17.0	0.0	0.0
03:25	17.0	0.0	0.0
03:30	17.0	0.0	0.0
03:35	17.0	0.0	0.0
03:40	17.0	0.0	0.0
03:45	17.0	0.0	0.0
03:50	17.0	0.0	0.0
03:55	17.0	0.0	0.0
04:00	17.0	0.0	0.0
04:05	17.0	0.0	0.0
04:10	17.0	0.0	0.0
04:15	17.0	0.0	0.0
04:20	17.0	0.0	0.0
04:25	17.0	0.0	0.0
04:30	17.0	0.0	0.0
04:35	17.0	0.0	0.0
04:40	17.0	0.0	0.0
04:45	17.0	0.0	0.0
04:50	17.0	0.0	0.0
04:55	17.0	0.0	0.0
05:00	17.0	0.0	0.0
05:05	17.0	0.0	0.0
05:10	17.0	0.0	0.0
05:15	17.0	0.0	0.0
05:20	17.0	0.0	0.0
05:25	17.0	0.0	0.0
05:30	17.0	0.0	0.0
05:35	17.0	0.0	0.0
05:40	17.0	0.0	0.0
05:45	17.0	0.0	0.0
05:50	17.0	0.0	0.0
05:55	17.0	0.0	0.0
06:00	17.0	0.0	0.0
06:05	17.0	0.0	0.0
06:10	17.0	0.0	0.0
06:15	17.0	0.0	0.0
06:20	17.0	0.0	0.0
06:25	17.0	0.0	0.0
06:30	16.093333333333334	0.9066666666666666	0.0
06:35	16.0	0.8	0.2
06:40	16.0	1.0	0.0
06:45	16.0	1.0	0.0
06:50	16.0	1.0	0.0
06:55	16.0	1.0	0.0
07:00	16.0	1.0	0.0
07:05	16.0	1.0	0.0
07:10	16.0	0.83	0.17
07:15	16.97	0.0	0.03
07:20	17.0	0.0	0.0
07:25	17.0	0.0	0.0
07:30	16.053333333333335	0.9466666666666667	0.0
07:35	16.0	0.8	0.2
07:40	16.44333333333333	0.3566666666666667	0.2
07:45	17.0	0.0	0.0
07:50	17.0	0.0	0.0
07:55	17.0	0.0	0.0
08:00	17.0	0.0	0.0
08:05	17.0	0.0	0.0
08:10	17.0	0.0	0.0
08:15	17.0	0.0	0.0
08:20	17.0	0.0	0.0
08:25	17.0	0.0	0.0
08:30	17.0	0.0	0.0
08:35	17.0	0.0	0.0
08:40	17.0	0.0	0.0
08:45	17.0	0.0	0.0
08:50	17.0	0.0	0.0
08:55	17.0	0.0	0.0
09:00	17.0	0.0	0.0
09:05	17.0	0.0	0.0
09:10	17.0	0.0	0.0
09:15	17.0	0.0	0.0
09:20	17.0	0.0	0.0
09:25	17.0	0.0	0.0
09:30	17.0	0.0	0.0
09:35	17.0	0.0	0.0
09:40	17.0	0.0	0.0
09:45	17.0	0.0	0.0
09:50	17.0	0.0	0.0
09:55	17.0	0.0	0.0
10:00	17.0	0.0	0.0
10:05	16.273333333333333	0.7266666666666667	0.0
10:10	16.0	0.8	0.2
10:15	16.0	1.0	0.0
10:20	16.0	1.0	0.0
10:25	16.0	1.0	0.0
10:30	16.0	1.0	0.0
10:35	16.0	1.0	0.0
10:40	16.0	1.0	0.0
10:45	16.0	1.0	0.0
10:50	16.0	1.0	0.0
10:55	16.0	1.0	0.0
11:00	16.0	0.9533333333333334	0.04666666666666667
11:05	16.846666666666668	0.0	0.15333333333333332
11:10	17.0	0.0	0.0
11:15	17.0	0.0	0.0
11:20	17.0	0.0	0.0
11:25	17.0	0.0	0.0
11:30	17.0	0.0	0.0
11:35	17.0	0.0	0.0
11:40	17.0	0.0	0.0
11:45	17.0	0.0	0.0
11:50	17.0	0.0	0.0
11:55	17.0	0.0	0.0
12:00	17.0	0.0	0.0
12:05	17.0	0.0	0.0
12:10	17.0	0.0	0.0
12:15	17.0	0.0	0.0
12:20	17.0	0.0	0.0
12:25	17.0	0.0	0.0
12:30	17.0	0.0	0.0
12:35	17.0	0.0	0.0
12:40	17.0	0.0	0.0
12:45	17.0	0.0	0.0
12:50	17.0	0.0	0.0
12:55	17.0	0.0	0.0
13:00	17.0	0.0	0.0
13:05	17.0	0.0	0.0
13:10	17.0	0.0	0.0
13:15	17.0	0.0	0.0
13:20	17.0	0.0	0.0
13:25	17.0	0.0	0.0
13:30	17.0	0.0	0.0
13:35	17.0	0.0	0.0
13:40	17.0	0.0	0.0
13:45	17.0	0.0	0.0
13:50	16.08	0.92	0.0
13:55	16.093333333333334	0.5066666666666667	0.4
14:00	17.0	0.0	0.0
14:05	17.0	0.0	0.0
14:10	17.0	0.0	0.0
14:15	17.0	0.0	0.0
14:20	17.0	0.0	0.0
14:25	17.0	0.0	0.0
14:30	17.0	0.0	0.0
14:35	17.0	0.0	0.0
14:40	17.0	0.0	0.0
14:45	17.0	0.0	0.0
14:50	17.0	0.0	0.0
14:55	17.0	0.0	0.0
15:00	17.0	0.0	0.0
15:05	17.0	0.0	0.0
15:10	17.0	0.0	0.0
15:15	17.0	0.0	0.0
15:20	17.0	0.0	0.0
15:25	17.0	0.0	0.0
15:30	17.0	0.0	0.0
15:35	17.0	0.0	0.0
15:40	17.0	0.0	0.0
15:45	17.0	0.0	0.0
15:50	17.0	0.0	0.0
15:55	17.0	0.0	0.0
16:00	16.09	0.8566666666666667	0.05333333333333334
16:05	16.0	0.8533333333333334	0.14666666666666667
16:10	16.0	1.0	0.0
16:15	16.573333333333334	0.22666666666666666	0.2
16:20	17.0	0.0	0.0
16:25	17.0	0.0	0.0
16:30	16.07	0.93	0.0
16:35	16.0	0.8633333333333333	0.13666666666666666
16:40	16.0	0.9366666666666666	0.06333333333333334
16:45	16.716666666666665	0.08333333333333333	0.2
16:50	17.0	0.0	0.0
16:55	17.0	0.0	0.0
17:00	17.0	0.0	0.0
17:05	17.0	0.0	0.0
17:10	17.0	0.0	0.0
17:15	17.0	0.0	0.0
17:20	17.0	0.0	0.0
17:25	17.0	0.0	0.0
17:30	17.0	0.0	0.0
17:35	17.0	0.0	0.0
17:40	17.0	0.0	0.0
17:45	17.0	0.0	0.0
17:50	17.0	0.0	0.0
17:55	17.0	0.0	0.0
18:00	17.0	0.0	0.0
18:05	17.0	0.0	0.0
18:10	17.0	0.0	0.0
18:15	17.0	0.0	0.0
18:20	17.0	0.0	0.0
18:25	17.0	0.0	0.0
18:30	16.526666666666667	0.47333333333333333	0.0
18:35	16.0	0.8	0.2
18:40	16.0	1.0	0.0
18:45	16.0	1.0	0.0
18:50	16.0	1.0	0.0
18:55	16.0	1.0	0.0
19:00	16.0	1.0	0.0
19:05	16.0	1.0	0.0
19:10	16.0	1.0	0.0
19:15	16.0	1.0	0.0
19:20	15.05	1.95	0.0
19:25	15.786666666666667	0.85	0.36333333333333334
19:30	16.29	0.47333333333333333	0.23666666666666666
19:35	17.0	0.0	0.0
19:40	17.0	0.0	0.0
19:45	17.0	0.0	0.0
19:50	17.0	0.0	0.0
19:55	17.0	0.0	0.0
20:00	17.0	0.0	0.0
20:05	17.0	0.0	0.0
20:10	17.0	0.0	0.0
20:15	17.0	0.0	0.0
20:20	17.0	0.0	0.0
20:25	17.0	0.0	0.0
20:30	17.0	0.0	0.0
20:35	17.0	0.0	0.0
20:40	17.0	0.0	0.0
20:45	17.0	0.0	0.0
20:50	17.0	0.0	0.0
20:55	17.0	0.0	0.0
21:00	17.0	0.0	0.0
21:05	17.0	0.0	0.0
21:10	17.0	0.0	0.0
21:15	17.0	0.0	0.0
21:20	17.0	0.0	0.0
21:25	17.0	0.0	0.0
21:30	17.0	0.0	0.0
21:35	17.0	0.0	0.0
21:40	17.0	0.0	0.0
21:45	17.0	0.0	0.0
21:50	17.0	0.0	0.0
21:55	17.0	0.0	0.0
22:00	17.0	0.0	0.0
22:05	17.0	0.0	0.0
22:10	17.0	0.0	0.0
22:15	17.0	0.0	0.0
22:20	17.0	0.0	0.0
22:25	17.0	0.0	0.0
22:30	17.0	0.0	0.0
22:35	17.0	0.0	0.0
22:40	17.0	0.0	0.0
22:45	17.0	0.0	0.0
22:50	17.0	0.0	0.0
22:55	17.0	0.0	0.0
23:00	17.0	0.0	0.0
23:05	17.0	0.0	0.0
23:10	17.0	0.0	0.0
23:15	17.0	0.0	0.0
23:20	17.0	0.0	0.0
23:25	17.0	0.0	0.0
23:30	17.0	0.0	0.0
23:35	17.0	0.0	0.0
23:40	17.0	0.0	0.0
23:45	17.0	0.0	0.0
23:50	17.0	0.0	0.0
23:55	17.0	0.0	0.0
24:00	17.0	0.0	0.0
24:05	17.0	0.0	0.0
24:10	17.0	0.0	0.0
24:15	17.0	0.0	0.0
24:20	17.0	0.0	0.0
24:25	17.0	0.0	0.0
24:30	17.0	0.0	0.0
24:35	17.0	0.0	0.0
24:40	17.0	0.0	0.0
24:45	17.0	0.0	0.0
24:50	17.0	0.0	0.0
24:55	17.0	0.0	0.0
25:00	17.0	0.0	0.0
25:05	17.0	0.0	0.0
25:10	17.0	0.0	0.0
25:15	17.0	0.0	0.0
25:20	17.0	0.0	0.0
25:25	17.0	0.0	0.0
25:30	17.0	0.0	0.0
25:35	17.0	0.0	0.0
25:40	17.0	0.0	0.0
25:45	17.0	0.0	0.0
25:50	17.0	0.0	0.0
25:55	17.0	0.0	0.0
26:00	17.0	0.0	0.0
26:05	17.0	0.0	0.0
26:10	17.0	0.0	0.0
26:15	17.0	0.0	0.0
26:20	17.0	0.0	0.0
26:25	17.0	0.0	0.0
26:30	17.0	0.0	0.0
26:35	17.0	0.0	0.0
26:40	17.0	0.0	0.0
26:45	17.0	0.0	0.0
26:50	17.0	0.0	0.0
26:55	17.0	0.0	0.0
27:00	17.0	0.0	0.0
27:05	17.0	0.0	0.0
27:10	17.0	0.0	0.0
27:15	17.0	0.0	0.0
27:20	17.0	0.0	0.0
27:25	17.0	0.0	0.0
27:30	17.0	0.0	0.0
27:35	17.0	0.0	0.0
27:40	17.0	0.0	0.0
27:45	17.0	0.0	0.0
27:50	17.0	0.0	0.0
27:55	17.0	0.0	0.0
28:00	17.0	0.0	0.0
28:05	17.0	0.0	0.0
28:10	17.0	0.0	0.0
28:15	17.0	0.0	0.0
28:20	17.0	0.0	0.0
28:25	17.0	0.0	0.0
28:30	17.0	0.0	0.0
28:35	17.0	0.0	0.0
28:40	17.0	0.0	0.0
28:45	17.0	0.0	0.0
28:50	17.0	0.0	0.0
28:55	17.0	0.0	0.0
29:00	17.0	0.0	0.0
29:05	17.0	0.0	0.0
29:10	17.0	0.0	0.0
29:15	17.0	0.0	0.0
29:20	17.0	0.0	0.0
29:25	17.0	0.0	0.0
29:30	17.0	0.0	0.0
29:35	17.0	0.0	0.0
29:40	17.0	0.0	0.0
29:45	17.0	0.0	0.0
29:50	17.0	0.0	0.0
29:55	17.0	0.0	0.0
30:00	17.0	0.0	0.0
30:05	17.0	0.0	0.0
30:10	17.0	0.0	0.0
30:15	17.0	0.0	0.0
30:20	17.0	0.0	0.0
30:25	17.0	0.0	0.0
30:30	17.0	0.0	0.0
30:35	17.0	0.0	0.0
30:40	17.0	0.0	0.0
30:45	17.0	0.0	0.0
30:50	17.0	0.0	0.0
30:55	17.0	0.0	0.0
31:00	17.0	0.0	0.0
31:05	17.0	0.0	0.0
31:10	17.0	0.0	0.0
31:15	17.0	0.0	0.0
31:20	17.0	0.0	0.0
31:25	17.0	0.0	0.0
31:30	17.0	0.0	0.0
31:35	17.0	0.0	0.0
31:40	17.0	0.0	0.0
31:45	17.0	0.0	0.0
31:50	17.0	0.0	0.0
31:55	17.0	0.0	0.0
32:00	0.0	0.0	0.0
